nZeros : 4

index : 0
previousHash : None
data : XihKHXyVHz
nonce : 30673
timestamp : 2021-01-20 15:57:09.146520
currentHash : 0000cc76baa6c98cfecc68e5156011dd0e856254460e8f0d1e115d41535adc61

index : 1
previousHash : 0000cc76baa6c98cfecc68e5156011dd0e856254460e8f0d1e115d41535adc61
data : UcGfJJyXhF
nonce : 38094
timestamp : 2021-01-20 15:57:09.255982
currentHash : 00009954cfa53c3aea81f96b0ab4e1a3ae6945500ba19cbf5686f2d0ec598237

index : 2
previousHash : 00009954cfa53c3aea81f96b0ab4e1a3ae6945500ba19cbf5686f2d0ec598237
data : RHzCpaNKEI
nonce : 26159
timestamp : 2021-01-20 15:57:09.390218
currentHash : 000054ae22b4d62d4dec9553b196eb568970e2ff21063d6f27efd7be6ffd3e70
